xof 0303txt 0032

template XSkinMeshHeader {
  <3cf169ce-ff7c-44ab-93c0-f78f62d172e2>
  WORD nMaxSkinWeightsPerVertex;
  WORD nMaxSkinWeightsPerFace;
  WORD nBones;
}

template SkinWeights {
  <6f0d123b-bad2-4167-a0d0-80224f25fabb>
  STRING transformNodeName;
  DWORD nWeights;
  array DWORD vertexIndices[nWeights];
  array float weights[nWeights];
  Matrix4x4 matrixOffset;
}

Frame Root {
  FrameTransformMatrix {
     1.000000, 0.000000, 0.000000, 0.000000,
     0.000000,-1.000000, 0.000000, 0.000000,
     0.000000, 0.000000, 1.000000, 0.000000,
     0.000000, 0.000000, 0.000000, 1.000000;;
  }
  Frame Empty {
    FrameTransformMatrix {
       1.000000, 0.000000, 0.000000, 0.000000,
       0.000000, 1.000000, 0.000000, 0.000000,
       0.000000, 0.000000, 1.000000, 0.000000,
       0.000000,-3.817210, 8.279530, 1.000000;;
    }
  } //End of Empty
  Frame Armature {
    FrameTransformMatrix {
       2.000000, 0.000000, 0.000000, 0.000000,
       0.000000, 2.000000, 0.000000, 0.000000,
       0.000000, 0.000000, 2.000000, 0.000000,
       0.000000, 0.000000, 0.000000, 1.000000;;
    }
    Frame Armature_root_ground {
      FrameTransformMatrix {
         1.000000, 0.000000, 0.000000, 0.000000,
         0.000000, 0.038997, 0.999239, 0.000000,
         0.000000,-0.999239, 0.038997, 0.000000,
         0.000000,-0.000000,-0.037923, 1.000000;;
      }
      Frame Armature_root_hips {
        FrameTransformMatrix {
           1.000000,-0.000001, 0.000000, 0.000000,
           0.000000, 0.793307, 0.608821, 0.000000,
          -0.000001,-0.608821, 0.793307, 0.000000,
           0.000000, 0.928509, 0.000000, 1.000000;;
        }
        Frame Armature_spine_lower {
          FrameTransformMatrix {
             1.000000, 0.000000,-0.000001, 0.000000,
            -0.000001, 0.839889,-0.542759, 0.000000,
             0.000001, 0.542759, 0.839889, 0.000000,
            -0.000000, 0.146736,-0.043102, 1.000000;;
          }
          Frame Armature_spine_upper {
            FrameTransformMatrix {
               1.000000,-0.000000,-0.000000, 0.000000,
              -0.000000, 0.892145,-0.451750, 0.000000,
               0.000000, 0.451750, 0.892145, 0.000000,
               0.000000, 0.149009, 0.000000, 1.000000;;
            }
            Frame Armature_spine_ribcage_02 {
              FrameTransformMatrix {
                 0.980494,-0.067701, 0.184523, 0.000000,
                 0.195995, 0.266209,-0.943779, 0.000000,
                 0.014773, 0.961535, 0.274285, 0.000000,
                 0.000000, 0.082822,-0.000000, 1.000000;;
              }
              Frame Armature_spine_ribcage_03 {
                FrameTransformMatrix {
                   0.980494, 0.195994, 0.014769, 0.000000,
                   0.154708,-0.815930, 0.557067, 0.000000,
                   0.121232,-0.543916,-0.830336, 0.000000,
                  -0.006660, 0.027454, 0.077806, 1.000000;;
                }
                Frame Armature_head_neck_01 {
                  FrameTransformMatrix {
                     1.000000, 0.000001,-0.000002, 0.000000,
                    -0.000002, 0.910249,-0.414061, 0.000000,
                     0.000001, 0.414061, 0.910249, 0.000000,
                    -0.000000, 0.068028,-0.048827, 1.000000;;
                  }
                  Frame Armature_head_neck_lower {
                    FrameTransformMatrix {
                       1.000000, 0.000579,-0.000852, 0.000000,
                      -0.000556, 0.999667, 0.025797, 0.000000,
                       0.000867,-0.025797, 0.999667, 0.000000,
                       0.000000, 0.052650, 0.000000, 1.000000;;
                    }
                    Frame Armature_unused072 {
                      FrameTransformMatrix {
                         1.000000,-0.000000, 0.000000, 0.000000,
                        -0.000000, 1.000000,-0.000000, 0.000000,
                        -0.000000, 0.000000, 1.000000, 0.000000,
                        -0.000433,-0.175284, 0.387237, 1.000000;;
                      }
                    } //End of Armature_unused072
                    Frame Armature_unused097 {
                      FrameTransformMatrix {
                         1.000000,-0.000000, 0.000000, 0.000000,
                        -0.000000, 1.000000,-0.000000, 0.000000,
                        -0.000000, 0.000000, 1.000000, 0.000000,
                         0.010273,-0.155731, 0.387890, 1.000000;;
                      }
                    } //End of Armature_unused097
                    Frame Armature_head_neck_upper {
                      FrameTransformMatrix {
                         0.999994,-0.002221, 0.002695, 0.000000,
                         0.001209, 0.944110, 0.329630, 0.000000,
                        -0.003277,-0.329624, 0.944107, 0.000000,
                        -0.000000, 0.042625, 0.000000, 1.000000;;
                      }
                      Frame Armature_head_head_03 {
                        FrameTransformMatrix {
                           1.000000, 0.000000,-0.000000, 0.000000,
                           0.000000, 1.000000,-0.000000, 0.000000,
                           0.000000, 0.000000, 1.000000, 0.000000,
                          -0.000435, 0.143450,-0.140245, 1.000000;;
                        }
                      } //End of Armature_head_head_03
                      Frame Armature_head_eyeball_left {
                        FrameTransformMatrix {
                           1.000000, 0.000000,-0.000000, 0.000000,
                           0.000000, 1.000000,-0.000000, 0.000000,
                           0.000000, 0.000000, 1.000000, 0.000000,
                           0.039479, 0.108866,-0.013400, 1.000000;;
                        }
                      } //End of Armature_head_eyeball_left
                      Frame Armature_head_eyeball_right {
                        FrameTransformMatrix {
                           1.000000, 0.000000,-0.000000, 0.000000,
                           0.000000, 1.000000,-0.000000, 0.000000,
                           0.000000, 0.000000, 1.000000, 0.000000,
                          -0.039708, 0.110470,-0.014835, 1.000000;;
                        }
                      } //End of Armature_head_eyeball_right
                      Frame Armature_head_jaw {
                        FrameTransformMatrix {
                           0.999621, 0.020064,-0.018856, 0.000000,
                           0.002476, 0.616539, 0.787320, 0.000000,
                           0.027422,-0.787068, 0.616256, 0.000000,
                          -0.000020, 0.024580, 0.001550, 1.000000;;
                        }
                        Frame Armature_head_lip_lower_middle {
                          FrameTransformMatrix {
                             1.000000, 0.000000, 0.000000, 0.000000,
                             0.000000, 1.000000, 0.000000, 0.000000,
                            -0.000000,-0.000000, 1.000000, 0.000000,
                            -0.000134, 0.086182, 0.000917, 1.000000;;
                          }
                        } //End of Armature_head_lip_lower_middle
                        Frame Armature_head_lip_lower_left {
                          FrameTransformMatrix {
                             1.000000, 0.000000, 0.000000, 0.000000,
                             0.000000, 1.000000, 0.000000, 0.000000,
                            -0.000000,-0.000000, 1.000000, 0.000000,
                             0.013002, 0.081361,-0.000132, 1.000000;;
                          }
                        } //End of Armature_head_lip_lower_left
                        Frame Armature_head_lip_lower_right {
                          FrameTransformMatrix {
                             1.000000, 0.000000, 0.000000, 0.000000,
                             0.000000, 1.000000, 0.000000, 0.000000,
                            -0.000000,-0.000000, 1.000000, 0.000000,
                            -0.012869, 0.081328,-0.000786, 1.000000;;
                          }
                        } //End of Armature_head_lip_lower_right
                      } //End of Armature_head_jaw
                      Frame Armature_head_mouth_corner_left {
                        FrameTransformMatrix {
                           1.000000, 0.000000, 0.000000, 0.000000,
                           0.000000, 1.000000,-0.000000, 0.000000,
                          -0.000000, 0.000000, 1.000000, 0.000000,
                           0.020055, 0.073735, 0.053674, 1.000000;;
                        }
                      } //End of Armature_head_mouth_corner_left
                      Frame Armature_head_lip_upper_middle {
                        FrameTransformMatrix {
                           1.000000, 0.000000,-0.000000, 0.000000,
                           0.000000, 1.000000,-0.000000, 0.000000,
                           0.000000, 0.000000, 1.000000, 0.000000,
                           0.000060, 0.084821, 0.062232, 1.000000;;
                        }
                      } //End of Armature_head_lip_upper_middle
                      Frame Armature_head_eyelid_left_lower {
                        FrameTransformMatrix {
                           1.000000, 0.000000,-0.000000, 0.000000,
                           0.000000, 1.000000,-0.000000, 0.000000,
                           0.000000, 0.000000, 1.000000, 0.000000,
                           0.039431, 0.109838,-0.018875, 1.000000;;
                        }
                      } //End of Armature_head_eyelid_left_lower
                      Frame Armature_head_eyelid_left_upper {
                        FrameTransformMatrix {
                           1.000000, 0.000000,-0.000000, 0.000000,
                           0.000000, 1.000000,-0.000000, 0.000000,
                           0.000000, 0.000000, 1.000000, 0.000000,
                           0.039423, 0.107355,-0.023717, 1.000000;;
                        }
                      } //End of Armature_head_eyelid_left_upper
                      Frame Armature_head_eyebrow_left_1 {
                        FrameTransformMatrix {
                           1.000000, 0.000000, 0.000000, 0.000000,
                           0.000000, 1.000000,-0.000000, 0.000000,
                          -0.000000, 0.000000, 1.000000, 0.000000,
                           0.018119, 0.145417, 0.003232, 1.000000;;
                        }
                      } //End of Armature_head_eyebrow_left_1
                      Frame Armature_head_eyebrow_left_2 {
                        FrameTransformMatrix {
                           1.000000, 0.000000,-0.000000, 0.000000,
                           0.000000, 1.000000,-0.000000, 0.000000,
                           0.000000, 0.000000, 1.000000, 0.000000,
                           0.043991, 0.153193,-0.004278, 1.000000;;
                        }
                      } //End of Armature_head_eyebrow_left_2
                      Frame Armature_head_eyebrow_left_3 {
                        FrameTransformMatrix {
                           1.000000, 0.000000, 0.000000, 0.000000,
                           0.000000, 1.000000,-0.000000, 0.000000,
                          -0.000000, 0.000000, 1.000000, 0.000000,
                           0.065402, 0.136339,-0.017515, 1.000000;;
                        }
                      } //End of Armature_head_eyebrow_left_3
                      Frame Armature_head_mouth_corner_right {
                        FrameTransformMatrix {
                           1.000000, 0.000000, 0.000000, 0.000000,
                           0.000000, 1.000000,-0.000000, 0.000000,
                          -0.000000, 0.000000, 1.000000, 0.000000,
                          -0.019671, 0.073697, 0.053765, 1.000000;;
                        }
                      } //End of Armature_head_mouth_corner_right
                      Frame Armature_head_eyelid_right_lower {
                        FrameTransformMatrix {
                           1.000000, 0.000000,-0.000000, 0.000000,
                           0.000000, 1.000000,-0.000000, 0.000000,
                           0.000000, 0.000000, 1.000000, 0.000000,
                          -0.039697, 0.109762,-0.018695, 1.000000;;
                        }
                      } //End of Armature_head_eyelid_right_lower
                      Frame Armature_head_eyelid_right_upper {
                        FrameTransformMatrix {
                           1.000000, 0.000000,-0.000000, 0.000000,
                           0.000000, 1.000000,-0.000000, 0.000000,
                           0.000000, 0.000000, 1.000000, 0.000000,
                          -0.039706, 0.107278,-0.023536, 1.000000;;
                        }
                      } //End of Armature_head_eyelid_right_upper
                      Frame Armature_head_eyebrow_right_1 {
                        FrameTransformMatrix {
                           1.000000, 0.000000, 0.000000, 0.000000,
                           0.000000, 1.000000,-0.000000, 0.000000,
                          -0.000000, 0.000000, 1.000000, 0.000000,
                          -0.017578, 0.145382, 0.003313, 1.000000;;
                        }
                      } //End of Armature_head_eyebrow_right_1
                      Frame Armature_head_eyebrow_right_2 {
                        FrameTransformMatrix {
                           1.000000, 0.000000,-0.000000, 0.000000,
                           0.000000, 1.000000,-0.000000, 0.000000,
                           0.000000, 0.000000, 1.000000, 0.000000,
                          -0.044058, 0.153108,-0.004078, 1.000000;;
                        }
                      } //End of Armature_head_eyebrow_right_2
                      Frame Armature_head_eyebrow_right_3 {
                        FrameTransformMatrix {
                           1.000000, 0.000000, 0.000000, 0.000000,
                           0.000000, 1.000000,-0.000000, 0.000000,
                          -0.000000, 0.000000, 1.000000, 0.000000,
                          -0.065517, 0.136212,-0.017216, 1.000000;;
                        }
                      } //End of Armature_head_eyebrow_right_3
                      Frame Armature_head_lip_upper_left {
                        FrameTransformMatrix {
                           1.000000, 0.000000, 0.000000, 0.000000,
                           0.000000, 1.000000,-0.000000, 0.000000,
                          -0.000000, 0.000000, 1.000000, 0.000000,
                           0.013155, 0.081345, 0.059283, 1.000000;;
                        }
                      } //End of Armature_head_lip_upper_left
                      Frame Armature_head_lip_upper_right {
                        FrameTransformMatrix {
                           1.000000, 0.000000, 0.000000, 0.000000,
                           0.000000, 1.000000,-0.000000, 0.000000,
                          -0.000000, 0.000000, 1.000000, 0.000000,
                          -0.012724, 0.081320, 0.059342, 1.000000;;
                        }
                      } //End of Armature_head_lip_upper_right
                    } //End of Armature_head_neck_upper
                  } //End of Armature_head_neck_lower
                } //End of Armature_head_neck_01
                Frame Armature_arm_left_shoulder_1 {
                  FrameTransformMatrix {
                     0.526204, 0.639378, 0.560630, 0.000000,
                     0.850188,-0.408785,-0.331777, 0.000000,
                     0.017046, 0.651223,-0.758695, 0.000000,
                     0.012931, 0.094083, 0.024413, 1.000000;;
                  }
                  Frame Armature_arm_left_shoulder_2 {
                    FrameTransformMatrix {
                       0.870193,-0.492577,-0.011501, 0.000000,
                       0.492601, 0.870255,-0.000915, 0.000000,
                       0.010460,-0.004869, 0.999933, 0.000000,
                      -0.000000, 0.144896, 0.000000, 1.000000;;
                    }
                    Frame Armature_arm_left_elbow {
                      FrameTransformMatrix {
                         0.990245,-0.116037,-0.077138, 0.000000,
                         0.121407, 0.990201, 0.069011, 0.000000,
                         0.068374,-0.077703, 0.994629, 0.000000,
                         0.000000, 0.219578,-0.000000, 1.000000;;
                      }
                      Frame Armature_arm_left_wrist {
                        FrameTransformMatrix {
                           0.982475,-0.143132,-0.119398, 0.000000,
                           0.155529, 0.982560, 0.101914, 0.000000,
                           0.102729,-0.118698, 0.987602, 0.000000,
                          -0.000000, 0.225907,-0.000000, 1.000000;;
                        }
                        Frame Armature_palm_04_L {
                          FrameTransformMatrix {
                             0.837093, 0.503287, 0.214422, 0.000000,
                            -0.406507, 0.834550,-0.371857, 0.000000,
                            -0.366097, 0.224115, 0.903186, 0.000000,
                            -0.029931, 0.023331,-0.006044, 1.000000;;
                          }
                          Frame Armature_arm_left_finger_5a {
                            FrameTransformMatrix {
                               0.990043, 0.110952, 0.086627, 0.000000,
                              -0.101572, 0.989157,-0.106072, 0.000000,
                              -0.097457, 0.096217, 0.990578, 0.000000,
                               0.000000, 0.091317, 0.000000, 1.000000;;
                            }
                            Frame Armature_arm_left_finger_5b {
                              FrameTransformMatrix {
                                 0.999626,-0.022307,-0.015824, 0.000000,
                                 0.022554, 0.999623, 0.015656, 0.000000,
                                 0.015469,-0.016007, 0.999752, 0.000000,
                                -0.000000, 0.029102,-0.000000, 1.000000;;
                              }
                              Frame Armature_arm_left_finger_5c {
                                FrameTransformMatrix {
                                   1.000000, 0.000000,-0.000000, 0.000000,
                                  -0.000000, 1.000000, 0.000000, 0.000000,
                                  -0.000000, 0.000000, 1.000000, 0.000000,
                                  -0.000000, 0.022774,-0.000000, 1.000000;;
                                }
                              } //End of Armature_arm_left_finger_5c
                            } //End of Armature_arm_left_finger_5b
                          } //End of Armature_arm_left_finger_5a
                        } //End of Armature_palm_04_L
                        Frame Armature_palm_03_L {
                          FrameTransformMatrix {
                             0.886021, 0.393226, 0.245642, 0.000000,
                            -0.298871, 0.889436,-0.345802, 0.000000,
                            -0.354462, 0.232973, 0.905583, 0.000000,
                            -0.015319, 0.029225,-0.000593, 1.000000;;
                          }
                          Frame Armature_arm_left_finger_4a {
                            FrameTransformMatrix {
                               0.999262, 0.021517, 0.031812, 0.000000,
                              -0.020437, 0.999217,-0.033885, 0.000000,
                              -0.032516, 0.033210, 0.998919, 0.000000,
                               0.000000, 0.098495, 0.000000, 1.000000;;
                            }
                            Frame Armature_arm_left_finger_4b {
                              FrameTransformMatrix {
                                 0.998622,-0.003797, 0.052347, 0.000000,
                                 0.007043, 0.998053,-0.061969, 0.000000,
                                -0.052010, 0.062252, 0.996704, 0.000000,
                                -0.000000, 0.036571,-0.000000, 1.000000;;
                              }
                              Frame Armature_arm_left_finger_4c {
                                FrameTransformMatrix {
                                   1.000000,-0.000000, 0.000000, 0.000000,
                                   0.000000, 1.000000, 0.000000, 0.000000,
                                  -0.000000,-0.000000, 1.000000, 0.000000,
                                   0.000000, 0.026656,-0.000000, 1.000000;;
                                }
                              } //End of Armature_arm_left_finger_4c
                            } //End of Armature_arm_left_finger_4b
                          } //End of Armature_arm_left_finger_4a
                        } //End of Armature_palm_03_L
                        Frame Armature_palm_02_L {
                          FrameTransformMatrix {
                             0.935083, 0.241639, 0.259289, 0.000000,
                            -0.163967, 0.943502,-0.287957, 0.000000,
                            -0.314221, 0.226749, 0.921873, 0.000000,
                            -0.000241, 0.033906, 0.003878, 1.000000;;
                          }
                          Frame Armature_arm_left_finger_3a {
                            FrameTransformMatrix {
                               0.988780, 0.038597, 0.144304, 0.000000,
                              -0.017904, 0.989699,-0.142040, 0.000000,
                              -0.148300, 0.137863, 0.979286, 0.000000,
                              -0.000000, 0.101380,-0.000000, 1.000000;;
                            }
                            Frame Armature_arm_left_finger_3b {
                              FrameTransformMatrix {
                                 0.998208,-0.023877,-0.054866, 0.000000,
                                 0.026487, 0.998528, 0.047338, 0.000000,
                                 0.053655,-0.048706, 0.997371, 0.000000,
                                 0.000000, 0.037475,-0.000000, 1.000000;;
                              }
                              Frame Armature_arm_left_finger_3c {
                                FrameTransformMatrix {
                                   1.000000, 0.000000, 0.000000, 0.000000,
                                   0.000000, 1.000000,-0.000000, 0.000000,
                                  -0.000000, 0.000000, 1.000000, 0.000000,
                                  -0.000000, 0.032512,-0.000000, 1.000000;;
                                }
                              } //End of Armature_arm_left_finger_3c
                            } //End of Armature_arm_left_finger_3b
                          } //End of Armature_arm_left_finger_3a
                        } //End of Armature_palm_02_L
                        Frame Armature_palm_01_L {
                          FrameTransformMatrix {
                             0.944220, 0.095508, 0.315162, 0.000000,
                            -0.006811, 0.962480,-0.271268, 0.000000,
                            -0.329246, 0.253990, 0.909443, 0.000000,
                             0.017009, 0.035762, 0.006114, 1.000000;;
                          }
                          Frame Armature_arm_left_finger_2a {
                            FrameTransformMatrix {
                               0.992178,-0.039994, 0.118254, 0.000000,
                               0.051966, 0.993634,-0.099952, 0.000000,
                              -0.113504, 0.105315, 0.987940, 0.000000,
                               0.000000, 0.099768, 0.000000, 1.000000;;
                            }
                            Frame Armature_arm_left_finger_2b {
                              FrameTransformMatrix {
                                 0.999953,-0.008445,-0.004730, 0.000000,
                                 0.008454, 0.999963, 0.001831, 0.000000,
                                 0.004714,-0.001870, 0.999987, 0.000000,
                                -0.000000, 0.034034, 0.000000, 1.000000;;
                              }
                              Frame Armature_arm_left_finger_2c {
                                FrameTransformMatrix {
                                   1.000000, 0.000000,-0.000000, 0.000000,
                                  -0.000000, 1.000000,-0.000000, 0.000000,
                                  -0.000000,-0.000000, 1.000000, 0.000000,
                                  -0.000000, 0.026958, 0.000000, 1.000000;;
                                }
                              } //End of Armature_arm_left_finger_2c
                            } //End of Armature_arm_left_finger_2b
                          } //End of Armature_arm_left_finger_2a
                        } //End of Armature_palm_01_L
                        Frame Armature_arm_left_finger_1a {
                          FrameTransformMatrix {
                             0.426247, 0.235498, 0.873416, 0.000000,
                             0.590417, 0.659087,-0.465846, 0.000000,
                            -0.685362, 0.714245, 0.141892, 0.000000,
                             0.028482, 0.024508,-0.003356, 1.000000;;
                          }
                          Frame Armature_arm_left_finger_1b {
                            FrameTransformMatrix {
                               0.999100, 0.025046,-0.034232, 0.000000,
                              -0.023683, 0.998933, 0.039656, 0.000000,
                               0.035189,-0.038810, 0.998627, 0.000000,
                              -0.000000, 0.040996, 0.000000, 1.000000;;
                            }
                            Frame Armature_arm_left_finger_1c {
                              FrameTransformMatrix {
                                 1.000000,-0.000000, 0.000000, 0.000000,
                                 0.000000, 1.000000, 0.000000, 0.000000,
                                -0.000000, 0.000000, 1.000000, 0.000000,
                                 0.000000, 0.048664,-0.000000, 1.000000;;
                              }
                            } //End of Armature_arm_left_finger_1c
                          } //End of Armature_arm_left_finger_1b
                        } //End of Armature_arm_left_finger_1a
                      } //End of Armature_arm_left_wrist
                    } //End of Armature_arm_left_elbow
                  } //End of Armature_arm_left_shoulder_2
                } //End of Armature_arm_left_shoulder_1
                Frame Armature_arm_right_shoulder_1 {
                  FrameTransformMatrix {
                     0.526200,-0.639377,-0.560634, 0.000000,
                    -0.850190,-0.408786,-0.331769, 0.000000,
                    -0.017054, 0.651223,-0.758695, 0.000000,
                    -0.012931, 0.094083, 0.024413, 1.000000;;
                  }
                  Frame Armature_arm_right_shoulder_2 {
                    FrameTransformMatrix {
                       0.870192, 0.492578, 0.011501, 0.000000,
                      -0.492601, 0.870255,-0.000915, 0.000000,
                      -0.010460,-0.004869, 0.999934, 0.000000,
                       0.000000, 0.144896, 0.000000, 1.000000;;
                    }
                    Frame Armature_arm_right_elbow {
                      FrameTransformMatrix {
                         0.990245, 0.116036, 0.077143, 0.000000,
                        -0.121407, 0.990200, 0.069016, 0.000000,
                        -0.068379,-0.077708, 0.994629, 0.000000,
                        -0.000000, 0.219578,-0.000000, 1.000000;;
                      }
                      Frame Armature_arm_right_wrist {
                        FrameTransformMatrix {
                           0.978970, 0.037076,-0.200608, 0.000000,
                          -0.072485, 0.982398,-0.172164, 0.000000,
                           0.190694, 0.183084, 0.964425, 0.000000,
                          -0.000000, 0.225908, 0.000000, 1.000000;;
                        }
                        Frame Armature_palm_04_R {
                          FrameTransformMatrix {
                             0.923094,-0.381897,-0.045293, 0.000000,
                             0.382381, 0.924002, 0.002202, 0.000000,
                             0.041010,-0.019352, 0.998971, 0.000000,
                             0.026882, 0.025523, 0.010130, 1.000000;;
                          }
                          Frame Armature_arm_right_finger_5a {
                            FrameTransformMatrix {
                               0.990043,-0.110955,-0.086628, 0.000000,
                               0.101575, 0.989157,-0.106072, 0.000000,
                               0.097458, 0.096216, 0.990578, 0.000000,
                              -0.000000, 0.091318, 0.000000, 1.000000;;
                            }
                            Frame Armature_arm_right_finger_5b {
                              FrameTransformMatrix {
                                 0.999626, 0.022312, 0.015830, 0.000000,
                                -0.022560, 0.999623, 0.015662, 0.000000,
                                -0.015474,-0.016013, 0.999752, 0.000000,
                                 0.000000, 0.029102, 0.000000, 1.000000;;
                              }
                              Frame Armature_arm_right_finger_5c {
                                FrameTransformMatrix {
                                   1.000000,-0.000000, 0.000000, 0.000000,
                                   0.000000, 1.000000, 0.000000, 0.000000,
                                  -0.000000, 0.000000, 1.000000, 0.000000,
                                  -0.000000, 0.022774, 0.000000, 1.000000;;
                                }
                              } //End of Armature_arm_right_finger_5c
                            } //End of Armature_arm_right_finger_5b
                          } //End of Armature_arm_right_finger_5a
                        } //End of Armature_palm_04_R
                        Frame Armature_palm_03_R {
                          FrameTransformMatrix {
                             0.963705,-0.265243,-0.030303, 0.000000,
                             0.265485, 0.964106, 0.004203, 0.000000,
                             0.028101,-0.012096, 0.999532, 0.000000,
                             0.010645, 0.028941, 0.011758, 1.000000;;
                          }
                          Frame Armature_arm_right_finger_4a {
                            FrameTransformMatrix {
                               0.999262,-0.021516,-0.031809, 0.000000,
                               0.020436, 0.999217,-0.033881, 0.000000,
                               0.032513, 0.033206, 0.998920, 0.000000,
                               0.000000, 0.098496, 0.000000, 1.000000;;
                            }
                            Frame Armature_arm_right_finger_4b {
                              FrameTransformMatrix {
                                 0.998621, 0.003794,-0.052355, 0.000000,
                                -0.007041, 0.998053,-0.061977, 0.000000,
                                 0.052018, 0.062260, 0.996703, 0.000000,
                                -0.000000, 0.036571,-0.000000, 1.000000;;
                              }
                              Frame Armature_arm_right_finger_4c {
                                FrameTransformMatrix {
                                   1.000000, 0.000000,-0.000000, 0.000000,
                                   0.000000, 1.000000, 0.000000, 0.000000,
                                   0.000000, 0.000000, 1.000000, 0.000000,
                                   0.000000, 0.026656, 0.000000, 1.000000;;
                                }
                              } //End of Armature_arm_right_finger_4c
                            } //End of Armature_arm_right_finger_4b
                          } //End of Armature_arm_right_finger_4a
                        } //End of Armature_palm_03_R
                        Frame Armature_palm_02_R {
                          FrameTransformMatrix {
                             0.993458,-0.113665, 0.011062, 0.000000,
                             0.113348, 0.993215, 0.026001, 0.000000,
                            -0.013942,-0.024577, 0.999601, 0.000000,
                            -0.005568, 0.031445, 0.012039, 1.000000;;
                          }
                          Frame Armature_arm_right_finger_3a {
                            FrameTransformMatrix {
                               0.988780,-0.038598,-0.144305, 0.000000,
                               0.017904, 0.989699,-0.142040, 0.000000,
                               0.148301, 0.137863, 0.979286, 0.000000,
                              -0.000000, 0.101380,-0.000000, 1.000000;;
                            }
                            Frame Armature_arm_right_finger_3b {
                              FrameTransformMatrix {
                                 0.998208, 0.023880, 0.054866, 0.000000,
                                -0.026489, 0.998528, 0.047336, 0.000000,
                                -0.053655,-0.048705, 0.997371, 0.000000,
                                 0.000000, 0.037474, 0.000000, 1.000000;;
                              }
                              Frame Armature_arm_right_finger_3c {
                                FrameTransformMatrix {
                                   1.000000,-0.000000, 0.000000, 0.000000,
                                   0.000000, 1.000000, 0.000000, 0.000000,
                                   0.000000, 0.000000, 1.000000, 0.000000,
                                   0.000000, 0.032512, 0.000000, 1.000000;;
                                }
                              } //End of Armature_arm_right_finger_3c
                            } //End of Armature_arm_right_finger_3b
                          } //End of Armature_arm_right_finger_3a
                        } //End of Armature_palm_02_R
                        Frame Armature_arm_right_finger_1a {
                          FrameTransformMatrix {
                             0.698833, 0.038822,-0.714231, 0.000000,
                            -0.505487, 0.733281,-0.454732, 0.000000,
                             0.506079, 0.678816, 0.532065, 0.000000,
                            -0.029186, 0.023049,-0.006329, 1.000000;;
                          }
                          Frame Armature_arm_right_finger_1b {
                            FrameTransformMatrix {
                               0.999100,-0.025043, 0.034230, 0.000000,
                               0.023680, 0.998933, 0.039652, 0.000000,
                              -0.035186,-0.038806, 0.998627, 0.000000,
                              -0.000000, 0.040996,-0.000000, 1.000000;;
                            }
                            Frame Armature_arm_right_finger_1c {
                              FrameTransformMatrix {
                                 1.000000, 0.000000,-0.000000, 0.000000,
                                 0.000000, 1.000000, 0.000000, 0.000000,
                                 0.000000, 0.000000, 1.000000, 0.000000,
                                -0.000000, 0.048664,-0.000000, 1.000000;;
                              }
                            } //End of Armature_arm_right_finger_1c
                          } //End of Armature_arm_right_finger_1b
                        } //End of Armature_arm_right_finger_1a
                        Frame Armature_palm_01_R {
                          FrameTransformMatrix {
                             0.999096, 0.042517,-0.000528, 0.000000,
                            -0.042519, 0.999079,-0.005733, 0.000000,
                             0.000284, 0.005750, 0.999983, 0.000000,
                            -0.022769, 0.031758, 0.008867, 1.000000;;
                          }
                          Frame Armature_arm_right_finger_2a {
                            FrameTransformMatrix {
                               0.992177, 0.039993,-0.118259, 0.000000,
                              -0.051965, 0.993634,-0.099955, 0.000000,
                               0.113509, 0.105319, 0.987939, 0.000000,
                              -0.000000, 0.099769, 0.000000, 1.000000;;
                            }
                            Frame Armature_arm_right_finger_2b {
                              FrameTransformMatrix {
                                 0.999953, 0.008445, 0.004735, 0.000000,
                                -0.008454, 0.999963, 0.001835, 0.000000,
                                -0.004719,-0.001875, 0.999987, 0.000000,
                                 0.000000, 0.034034,-0.000000, 1.000000;;
                              }
                              Frame Armature_arm_right_finger_2c {
                                FrameTransformMatrix {
                                   1.000000,-0.000000, 0.000000, 0.000000,
                                  -0.000000, 1.000000,-0.000000, 0.000000,
                                  -0.000000,-0.000000, 1.000000, 0.000000,
                                  -0.000000, 0.026958,-0.000000, 1.000000;;
                                }
                              } //End of Armature_arm_right_finger_2c
                            } //End of Armature_arm_right_finger_2b
                          } //End of Armature_arm_right_finger_2a
                        } //End of Armature_palm_01_R
                        Frame Armature_arm_right_staff {
                          FrameTransformMatrix {
                             1.000000,-0.000000,-0.000000, 0.000000,
                             0.000000, 1.000000, 0.000000, 0.000000,
                             0.000000,-0.000000, 1.000000, 0.000000,
                             0.019996, 0.129862,-0.036465, 1.000000;;
                          }
                        } //End of Armature_arm_right_staff
                      } //End of Armature_arm_right_wrist
                    } //End of Armature_arm_right_elbow
                  } //End of Armature_arm_right_shoulder_2
                } //End of Armature_arm_right_shoulder_1
              } //End of Armature_spine_ribcage_03
              Frame Armature_spine_lungs {
                FrameTransformMatrix {
                   1.000000,-0.000000,-0.000000, 0.000000,
                   0.000000, 1.000000,-0.000000, 0.000000,
                   0.000000, 0.000000, 1.000000, 0.000000,
                   0.000000, 0.000000, 0.000000, 1.000000;;
                }
              } //End of Armature_spine_lungs
              Frame Armature_spine_staff {
                FrameTransformMatrix {
                   1.000000,-0.000000,-0.000000, 0.000000,
                   0.000000, 1.000000,-0.000000, 0.000000,
                   0.000000, 0.000000, 1.000000, 0.000000,
                   0.006660, 0.125668,-0.077806, 1.000000;;
                }
              } //End of Armature_spine_staff
            } //End of Armature_spine_ribcage_02
          } //End of Armature_spine_upper
        } //End of Armature_spine_lower
        Frame Armature_leg_left_thigh {
          FrameTransformMatrix {
             1.000000,-0.000001,-0.000001, 0.000000,
             0.000000,-0.804280, 0.594250, 0.000000,
            -0.000001,-0.594250,-0.804280, 0.000000,
             0.085682, 0.099195, 0.021551, 1.000000;;
          }
          Frame Armature_leg_left_knee {
            FrameTransformMatrix {
               0.999986, 0.003339, 0.003995, 0.000000,
              -0.003925, 0.987581, 0.157059, 0.000000,
              -0.003421,-0.157072, 0.987581, 0.000000,
              -0.000000, 0.421350,-0.000000, 1.000000;;
            }
            Frame Armature_leg_left_ankle {
              FrameTransformMatrix {
                 0.966446,-0.250797,-0.055533, 0.000000,
                 0.084560, 0.514761,-0.853153, 0.000000,
                 0.242554, 0.819831, 0.518696, 0.000000,
                -0.000000, 0.414814,-0.000000, 1.000000;;
              }
